              precision    recall  f1-score   support

           0       0.57      0.95      0.72      5594
           1       0.87      0.42      0.57       603
           2       0.96      0.07      0.12       398
           3       0.70      0.09      0.16       497
           4       0.77      0.49      0.60       947
           5       0.83      0.31      0.45       511
           6       0.64      0.48      0.55      1102
           7       0.55      0.18      0.28       712
           8       0.92      0.36      0.52       569
           9       0.67      0.07      0.13       617
          10       0.53      0.44      0.48      1365

    accuracy                           0.60     12915
   macro avg       0.73      0.35      0.41     12915
weighted avg       0.65      0.60      0.55     12915
