              precision    recall  f1-score   support

           0       0.85      0.51      0.64      5593
           1       0.46      0.84      0.60       603
           2       0.31      0.55      0.39       398
           3       0.29      0.69      0.40       497
           4       0.69      0.68      0.69       947
           5       0.41      0.60      0.49       511
           6       0.56      0.60      0.58      1102
           7       0.35      0.38      0.37       712
           8       0.51      0.73      0.60       569
           9       0.32      0.39      0.35       617
          10       0.48      0.48      0.48      1365

    accuracy                           0.55     12914
   macro avg       0.48      0.59      0.51     12914
weighted avg       0.63      0.55      0.56     12914
