              precision    recall  f1-score   support

           0       0.60      0.95      0.73      5593
           1       0.85      0.48      0.61       603
           2       0.82      0.20      0.33       398
           3       0.84      0.32      0.46       497
           4       0.87      0.58      0.70       947
           5       0.80      0.42      0.55       511
           6       0.74      0.52      0.61      1102
           7       0.61      0.24      0.35       712
           8       0.90      0.40      0.55       569
           9       0.62      0.18      0.28       617
          10       0.64      0.44      0.52      1365

    accuracy                           0.64     12914
   macro avg       0.75      0.43      0.52     12914
weighted avg       0.68      0.64      0.61     12914
