              precision    recall  f1-score   support

           0       0.90      0.75      0.82      5593
           1       0.68      0.89      0.77       603
           2       0.69      0.58      0.63       398
           3       0.66      0.73      0.69       497
           4       0.76      0.85      0.80       947
           5       0.72      0.62      0.67       511
           6       0.67      0.82      0.74      1102
           7       0.58      0.51      0.54       712
           8       0.74      0.78      0.76       569
           9       0.63      0.58      0.60       617
          10       0.59      0.85      0.69      1365

    accuracy                           0.75     12914
   macro avg       0.69      0.72      0.70     12914
weighted avg       0.77      0.75      0.75     12914
